#=======================================================================================
# 整數間的比較 ： 
#=======================================================================================
# 比較兩邊的大小
#   2 + 7 < = > 8 
#=======================================================================================
# moptr  : 式子的加減
# minn minn : 左右兩側數字個數範圍
# mina maxa : 左右兩側數字位數範圍
# minc maxc : 計算結果數字範圍       
#=======================================================================================
# kind  pkind  moptr  minn  maxn  mina  maxa   minc  maxc
#=======================================================================================

1         1      0      1     1     1     1      1     9
2         1      0      1     1     2     2      1    99
3         1      0      1     1     3     3      1   999
4         1      0      1     1     4     4      1  9999


11        1      0      1     2     1     1      1     9
12        1      0      1     2     2     2      1    99
13        1      0      1     2     3     3      1   999
14        1      0      1     2     4     4      1  9999


21        1      1      1     2     1     1      1     9
22        1      1      1     2     2     2      1    99
23        1      1      1     2     3     3      1   999
24        1      1      1     2     4     4      1  9999


31        1      4      2     2     1     1      1     9
32        1      4      2     2     2     2      1    99
33        1      4      2     2     3     3      1   999
34        1      4      2     2     4     4      1  9999




#=======================================================================================
# 拆解數字比較兩邊的大小 (兩邊的非零數字相同)
#   20 + 7 + 500 < = > 7 + 200 + 50
#=======================================================================================
#  sep :  1 僅有一邊拆解  2 兩邊都拆解  
#  minn maxn 數字非零的個數範圍  730, 203 為 2， 300 為 1
#  mina maxa 數字位數範圍   mina >= maxn
#=======================================================================================
# kind  pkind  sepno  minn  maxn  mina  maxa   
#=======================================================================================

102       2      1     2     2     2     2    

111       2      1     2     3     3     3    
#112       2      1     2     3     3     3    

121       2      1     3     4     4     4    
#122       2      1     3     4     4     4    


#131       2      2     1     2     2     2    
132       2      2     2     2     2     2    

141       2      2     2     3     3     3    
#142       2      2     2     3     3     3    

151       2      2     3     4     4     4    
#152       2      2     3     4     4     4    



#=======================================================================================
# 找最大或最小值
#    34 > ( ) + 20 ，則 ( ) 最大是 ?  
#=======================================================================================
# moptr 代表括號 ( ) 前運算符號  0 為加  1 減  4 任意
# expansion 是指將每個數字展開成 2 個正數之和 
# mina maxa 為顯示的數字範圍
# minc maxc 為 ( ) 的數字範圍
#=======================================================================================
# kind  pkind  moptr  expansion  mina  maxa  minc  maxc
#=======================================================================================

201       3      0       0         1     9     1     9
202       3      0       0        10    99     1    99
203       3      0       0       100   999     1   999
204       3      0       0      1000  9999     1  9999

211       3      1       0         1     9     1     9
212       3      1       0        10    99     1    99
213       3      1       0       100   999     1   999
214       3      1       0      1000  9999     1  9999


221       3      0       1         1     9     1     9
222       3      0       1        10    99     1    99
223       3      0       1       100   999     1   999
224       3      0       1      1000  9999     1  9999

231       3      1       1         1     9     1     9
232       3      1       1        10    99     1    99
233       3      1       1       100   999     1   999
234       3      1       1      1000  9999     1  9999


