#========================================================================
# 各式整數的乘除法問題 (去除九九乘法)
#========================================================================
# 兩數的乘法，問題可為被乘數，乘數或積
# 乘數與被乘數的尾數都沒有零
#========================================================================
# mcarry ：乘法進位次數，二位數 ab 代表進位次數介於 [b,a]，a 可以 b 對調
#          剛好幾次要寫成 aa，至多 a 次寫成 a
# abswap ：對調 被乘數與乘數  0 非 1 是 2 [0,1]
# qpos ：     1 被乘數   2 乘數   3 乘積   4 [1,2]  5 [1,3]
# [mina,maxa] 被乘數
# [minb,maxb] 乘數
#========================================================================
# kind  pkind  mcarry  abswap  qpos  mina  maxa  minb  maxb  
#========================================================================

1         1       0      2      3     10     99    2     9 
2         1       0      2      3    100    999    2     9 
3         1       0      2      3   1000   9999    2     9 
					        	   
6         1      11      2      3     10     99    2     9 
7         1      11      2      3    100    999    2     9 
8         1      11      2      3   1000   9999    2     9 
					        	   
11        1      29      2      3     10     99    2     9 
12        1      29      2      3    100    999    2     9 
13        1      29      2      3   1000   9999    2     9 
					        	   
					        	   
21        1       0      2      3     10     99   10    99 
22        1       0      2      3    100    999   10    99 
23        1       0      2      3   1000   9999   10    99 
					        	   
26        1      11      2      3     10     99   10    99 
27        1      11      2      3    100    999   10    99 
28        1      11      2      3   1000   9999   10    99 
					        	   
31        1      29      2      3     10     99   10    99 
32        1      29      2      3    100    999   10    99 
33        1      29      2      3   1000   9999   10    99 

41        1       3      2      3    100    999  100   999 
42        1      36      2      3   1000   9999  100   999 
43        1      39      2      3   1000   9999  100   999 


51        1       0      0      1     10     99    2     9 
52        1       0      0      1    100    999    2     9 
53        1       0      0      1   1000   9999    2     9 
					        	   
56        1       1      0      1     10     99    2     9 
57        1       1      0      1    100    999    2     9 
58        1       1      0      1   1000   9999    2     9 


61        1      30      0      2     10     99   10    99 
62        1      30      0      2    100    999   10    99 
63        1      30      0      2   1000   9999   10    99 

65        1      30      0      1    100    999   10    99 
66        1      30      0      1   1000   9999   10    99 

71        1      40      0      2    100    999   10    99 
72        1      40      0      2   1000   9999  100   999 

73        1      40      0      1    100    999   10    99 
74        1      40      0      1   1000   9999  100   999 


#========================================================================
# 兩數的乘法，問題可為被乘數，乘數或積
# 乘數與被乘數的尾數有零
#========================================================================
# absame：被乘數與乘數用同樣的方式產生  0 非  
#                                       1 onex 為 0, 首數在 [2,9] 之間
#                                       2 onex 為 1，既首數皆為 1
# abswap：對調 被乘數與乘數  0 非 1 是 2 [0,1]
# qpos ：     1 被乘數   2 乘數   3 乘積   4 [1,2]  5 [1,3]
#
# 乘數由以下兩個數字控制：
# onex ： 數字是否以 1 開始，0 非 ，代表首數在 [2,9] 之間
#                            1 是 ，代表首數為 1
# [minz,maxz] 零的數量  300 --> 2  10 --> 1
#========================================================================
# kind  pkind  absame  abswap  qpos  mina  maxa  onex  minz  maxz 
#========================================================================

101       2       0      2       3     2   999     1     1     5 
102       2       0      2       3     2   999     0     1     5 

111       2       0      0       1     2   999     1     1     5 
112       2       0      1       1     2   999     1     1     5 

121       2       1      2       2     2   999     1     0     5 
122       2       2      2       2     2   999     1     0     5 
123       2       1      2       2     2   999     0     0     4 
124       2       2      2       2     2   999     0     0     4 



#========================================================================
# 整除：問題可為被除數，除數或商
# a / b = c
#========================================================================
# mcbno：進位或退位的次數範圍，兩位數 ab，進位或退位介於 [a,b]
#        若為一位數 a 代表進位或退位介於 [0,a]
# qpos ： 1 被除數   2 除數   3 商   4 [1,2]  5 [1,3]  
#========================================================================
# kind  pkind   mcbno   qpos   mina   maxa  minb  maxb  minc  maxc
#========================================================================

# 除法無退位
201       3       0       3      10     99    2     9      10      99
202       3       0       3     100    999    2     9     100     999
203       3       0       3    1000   9999    2     9    1000    9999
204       3       0       3   10000  99999    2     9   10000   99999
			     	   		      	      
# 除法有退位
206       3      11       3     100    999    2     9     100     999
207       3      22       3    1000   9999    2     9    1000    9999
208       3      23       3   10000  99999    2     9   10000   99999

			     	   		      	      
# 除法無退位
211       3       0       3     100    999   10    99       2       9
212       3       0       3    1000   9999   10    99      10      99
213       3       0       3   10000  99999   10    99     100     999
			     	   		      	      
# 除法有退位
216       3      12       3    1000   9999   10    99      10      99
217       3      23       3   10000  99999   10    99     100     999


# 除法無退位
221       3       0       3    1000   9999  100   999      10      99
222       3       0       3   10000  99999  100   999     100     999
			     	   		      	      
# 除法有退位
225       3      23       3    1000   9999  100   999      10      99
226       3      23       3   10000  99999  100   999     100     999


# 求 被除數，mcbno 變成設定乘法進位
# 除法無退位
251       3       0       1      10     99    2     9      10      99
252       3       0       1     100    999    2     9     100     999
253       3       0       1    1000   9999    2     9    1000    9999
254       3       0       1   10000  99999    2     9   10000   99999
			     	   		      	      
# 除法有退位
256       3      11       1     100    999    2     9     100     999
257       3      22       1    1000   9999    2     9    1000    9999
258       3      23       1   10000  99999    2     9   10000   99999

			     	   		      	      
# 除法無退位
261       3      10       1     100    999   10    99       2       9
262       3      10       1    1000   9999   10    99      10      99
263       3      10       1   10000  99999   10    99     100     999
			     	   		      	      
# 除法有退位
266       3      12       1    1000   9999   10    99      10      99
267       3      23       1   10000  99999   10    99     100     999


# 除法無退位
271       3      10       1    1000   9999  100   999      10      99
272       3      10       1   10000  99999  100   999     100     999
			     	   		      	      
# 除法有退位
275       3      23       1    1000   9999  100   999      10      99
276       3      23       1   10000  99999  100   999     100     999



# 求 除數
# 除數一位數
301       3      20       2      10     99    2     9      10      99
302       3      20       2     100    999    2     9     100     999
303       3      20       2    1000   9999    2     9    1000    9999
304       3      20       2   10000  99999    2     9   10000   99999
			     	   		      	      
			     	   		      	      
# 除數兩位數
311       3      30       2     100    999   10    99       2       9
312       3      30       2    1000   9999   10    99      10      99
313       3      30       2   10000  99999   10    99     100     999
			     	   		      	      

# 除數三位數
321       3      40       2     100    999  100   999       2       9
322       3      40       2    1000   9999  100   999      10      99
323       3      40       2   10000  99999  100   999     100     999
			     	   		      	      

# 任意 
351       3      90       5     100    999    2     9      10      99
352       3      90       5    1000   9999    2     9     100     999
353       3      90       5   10000  99999    2     9    1000    9999

356       3      90       5     100    999   10    99      10      99
357       3      90       5    1000   9999   10    99     100     999
358       3      90       5   10000  99999   10    99    1000    9999

361       3      90       5     100    999  100   999       2       9
362       3      90       5    1000   9999  100   999      10      99
363       3      90       5   10000  99999  100   999     100     999


#========================================================================
# 有餘數的除法：問題可為被除數，除數或商，餘數
# a / b = c
#========================================================================
# mcbno：進位或退位的次數範圍，兩位數 ab，進位或退位介於 [a,b]
#        若為一位數 a 代表進位或退位介於 [0,a]
# qpos ： 1 被除數   2 除數   3 商 + 餘   5 [1,3]
#========================================================================
# kind  pkind   mcbno   qpos   mina   maxa  minb  maxb  minc  maxc
#========================================================================

# 除法無退位
401       4       0       3      10     99    2     9      10      99
402       4       0       3     100    999    2     9     100     999
403       4       0       3    1000   9999    2     9    1000    9999
404       4       0       3   10000  99999    2     9   10000   99999
			     	   		      	      
# 除法有退位
406       4      11       3     100    999    2     9     100     999
407       4      22       3    1000   9999    2     9    1000    9999
408       4      23       3   10000  99999    2     9   10000   99999

			     	   		      	      
# 除法無退位
411       4       0       3     100    999   10    99       2       9
412       4       0       3    1000   9999   10    99      10      99
413       4       0       3   10000  99999   10    99     100     999
			     	   		      	      
# 除法有退位
416       4      12       3    1000   9999   10    99      10      99
417       4      23       3   10000  99999   10    99     100     999


# 除法無退位
421       4       0       3    1000   9999  100   999      10      99
422       4       0       3   10000  99999  100   999     100     999
			     	   		      	      
# 除法有退位
425       4      23       3    1000   9999  100   999      10      99
426       4      23       3   10000  99999  100   999     100     999


# 求 被除數，mcbno 變成設定乘法進位
# 除法無退位
451       4       0       1      10     99    2     9      10      99
452       4       0       1     100    999    2     9     100     999
453       4       0       1    1000   9999    2     9    1000    9999
454       4       0       1   10000  99999    2     9   10000   99999
			     	   		      	      
# 除法有退位
456       4      11       1     100    999    2     9     100     999
457       4      22       1    1000   9999    2     9    1000    9999
458       4      23       1   10000  99999    2     9   10000   99999

			     	   		      	      
# 除法無退位
461       4      10       1     100    999   10    99       2       9
462       4      10       1    1000   9999   10    99      10      99
463       4      10       1   10000  99999   10    99     100     999
			     	   		      	      
# 除法有退位
466       4      12       1    1000   9999   10    99      10      99
467       4      23       1   10000  99999   10    99     100     999


# 除法無退位
471       4      10       1    1000   9999  100   999      10      99
472       4      10       1   10000  99999  100   999     100     999
			     	   		      	      
# 除法有退位
475       4      23       1    1000   9999  100   999      10      99
476       4      23       1   10000  99999  100   999     100     999



# 求 除數
# 除數一位數
501       4      20       2      10     99    2     9      10      99
502       4      20       2     100    999    2     9     100     999
503       4      20       2    1000   9999    2     9    1000    9999
504       4      20       2   10000  99999    2     9   10000   99999
			     	   		      	      
			     	   		      	      
# 除數兩位數
511       4      30       2     100    999   10    99       2       9
512       4      30       2    1000   9999   10    99      10      99
513       4      30       2   10000  99999   10    99     100     999
			     	   		      	      

# 除數三位數
521       4      40       2     100    999  100   999       2       9
522       4      40       2    1000   9999  100   999      10      99
523       4      40       2   10000  99999  100   999     100     999



531       4      91       5      10     99    2     9      10      99
532       4      91       5     100    999    2     9     100     999
534       4      91       5    1000   9999    2     9    1000    9999

536       4      92       5     100    999   10    99      10      99
537       4      92       5    1000   9999   10    99     100     999

541       4      92       5    1000   9999  100   999      10      99
542       4      92       5   10000  99999  100   999     100     999



#========================================================================
# 除數為 x0 , x00 , x000 的除法：問題可為被除數，除數或商，餘數
# a / b = c
#========================================================================
# mcbno：進位或退位的次數範圍，兩位數 ab，進位或退位介於 [a,b]
#        若為一位數 a 代表進位或退位介於 [0,a]
# rem  ： 0 無餘數   1 有餘數
# onex ： 除數的首數是否為 1， 
#         0：否，首數在 [2,9] 之間    1：是，首數為 1
# qpos ： 1 被除數   2 除數   3 商 (+ 餘)   5 [1,3]
# [mina,maxa] , [minb,maxb] , [minc,maxc] ：被除數，除數，商的位數範圍
#========================================================================
# kind  pkind   qpos   rem  onex  mina   maxa  minb  maxb  minc  maxc
#========================================================================
			     	   		      	      
601       5       3     0     1     3      6     2     5     1     5     
602       5       3     0     0     3      6     2     5     1     5     

603       5       1     0     1     3      6     2     5     1     5     
604       5       1     0     0     3      6     2     5     1     5     

605       5       2     0     1     3      6     2     5     1     5     
606       5       2     0     0     3      6     2     5     1     5     


611       5       3     1     1     3      6     2     5     1     5     
612       5       3     1     0     3      6     2     5     1     5     

613       5       1     1     1     3      6     2     5     1     5     
614       5       1     1     0     3      6     2     5     1     5     

615       5       2     1     1     3      6     2     5     1     5     
616       5       2     1     0     3      6     2     5     1     5     







