#=======================================================================================
#  排成一列的紙幣與硬幣問題買東西    
#=======================================================================================


#=======================================================================================
# 混合硬幣，幣值由大到小排列，找到買的到或買不到的東西
#=======================================================================================
# perm : 0 錢幣由大到小排列    1 錢幣隨意排列    2 隨意
#=======================================================================================
#              錢幣         錢幣數量          錢幣的最小與最大           總幣值
#              排列                                幣值
# kind pkind  perm  min_cbill max_cbill  min_value max_value  min_amount max_amount 
#=======================================================================================

 1       1      0        3         5            1        50           3         99
 2       1      0        2         5            5       100         100        500
 3       1      0        2         5           10       200         100        999
 4       1      0        2         5          100      1000         200       5000
	         
11       1      0        6         8            1        50           6         99
12       1      0        6         8            5       100         100        500
13       1      0        6         8           10       200         100        999
14       1      0        6         7          100      1000         200       5000
	                          
21       1      1        3         5            1        50           3         99
22       1      1        2         5            5       100         100        500
23       1      1        2         5           10       200         100        999
24       1      1        2         5          100      1000         200       5000

31       1      1        6         8            1        50           6         99
32       1      1        6         8            5       100         100        500
33       1      1        6         8           10       200         100        999
34       1      1        6         7          100      1000         200       5000


#=================================================================================================================
# 混合硬幣，計算最多可買的個數
#=================================================================================================================
#              錢幣        錢幣數量            錢幣的最小與最大          物品單價                  總幣值
#              排列                                 幣值
# kind pkind  perm  min_cbill max_cbill  min_value max_value  min_uprice max_uprice  min_amount max_amount 
#==========================================================================================================
	                           
41       2      0         3         5           1         50           2          9            1          99
42       2      0         3         5           1        500           2          9          100         949
43       2      1         3         5           1         50           2          9            1          99
44       2      1         3         5           1        500           2          9          100         949
45       2      1         3         5         100       1000           2          9          300        5000

51       2      1         6         8           5        500          10         99          100         999
52       2      1         6         9         100       1000          10         99          600        5000
53       2      1         8        10           1       1000          10         99          300        5000

# -10 and -90 代表整 10
54       2      1         6         8          10        500         -10        -90          100         990

#=====================================================================================================
# 某錢幣金額佔全部金額的幾分之幾
#=====================================================================================================
#              錢幣         錢幣數量          錢幣的最小與最大         分數範圍          使用約分
#              排列                                幣值
# kind pkind  perm  min_cbill max_cbill  min_value max_value  nmin nmax dmin dmax    use_irrf
#=====================================================================================================

61       3      0        3          5            5       100       10  450  110 1000        0
62       3      0        3          5           10      1000       20 4000 1020 5000        0
63       3      0        6         10            5        50       10  450   75  500        0
64       3      0        6          9           10      1000       20 8000 1060 9000        0
  
65       3      1        3          5            5       100       10  450  110  500        0
66       3      1        3          5           10      1000       20 4000 1020 5000        0
67       3      1        6         10            5        50       10  450   75  500        0
68       3      1        6          9           10      1000       20 8000 1060 9000        0

71       3      0        3          6            5       100        1   20    2   20        1
72       3      0        3          6           10      1000        1   20    2   20        1
73       3      0        7         10            5        50        1   20    2   20        1
74       3      0        7          9           10      1000        1   20    2   20        1
  
75       3      1        3          6            5       100        1   20    2   20        1
76       3      1        3          6           10      1000        1   20    2   20        1
77       3      1        7         10            5        50        1   20    2   20        1
78       3      1        7          9           10      1000        1   20    2   20        1


#=======================================================================================
# 某錢幣金額是另一錢幣金額的幾倍(整數倍)
#=======================================================================================
#              錢幣         錢幣數量          錢幣的最小與最大     問題除法位數
#              排列                                幣值           被除數   除數 
# kind pkind  perm  min_cbill max_cbill  min_value max_value  densize nomsize 
#=======================================================================================

81      4      0         7         10           1        10         2       1
82      4      0         7         10           5       500         3       2
83      4      0         7         10          10       500         4       2
84      4      0         7          9          50      1000         4       3

91      4      1         7         10           1        10         2       1
92      4      1         7         10           5       500         3       2
93      4      1         7         10          10       500         4       2
94      4      1         7          9          50      1000         4       3


#==================================================================================================
# A 錢幣金額比 B 錢幣金額多(少)多少
#==================================================================================================
#              錢幣         錢幣數量          錢幣的最小與最大        問題減法位數
#              排列                                幣值            被減數        減數
# kind pkind  perm  min_cbill max_cbill  min_value max_value   asize   min_bsize max_bsize
#==================================================================================================

101      5      0        7         10            1        50         2          1         2
102      5      0        7         10            5       500         3          2         3
103      5      0        7          9           10      1000         4          2         4

111      5      1        7         10            1        50         2          1         2
112      5      1        7         10            5       500         3          2         3
113      5      1        7          9           10      1000         4          2         4



#=======================================================================================
# 給一些錢，找出無法湊出的金額
#=======================================================================================
#              錢幣         錢幣數量          錢幣的最小與最大     湊出的位數
#              排列                                幣值            最小   最大
# kind pkind  perm  min_cbill max_cbill  min_value max_value   asize  bsize
#=======================================================================================

121      6      0        5          7            1        10         1      2
122      6      0        5          7            1       100         2      3
123      6      0        5          7           10      1000         2      4

131      6      1        5          7            1        10         1      2        
132      6      1        5          7            1       100         2      3    
133      6      1        5          7           10      1000         2      4  



#=======================================================================================
# 比較兩錢幣組的大小，其中一種僅有一種幣值
#=======================================================================================
#              錢幣         錢幣數量          錢幣的最小與最大    問題金額的位數
#              排列                                幣值         
# kind pkind  perm  min_cbill max_cbill  min_value max_value      asize
#=======================================================================================

141      7      0        5          7            1        10            2
142      7      0        5          7            1       500            3
143      7      0        5          7           50      1000            4

151      7      1        5          7            1        10            2
152      7      1        5          7            1       500            3
153      7      1        5          7           50      1000            4


#=======================================================================================
# 原有 n 元，買了幾個(個位數)玩具後，剩 m 元，問每個玩具幾元
#=======================================================================================
#              錢幣         錢幣數量          錢幣的最小與最大    問題的除法的被除數位數
#              排列                                幣值              (除數為個位數)   
# kind pkind  perm  min_cbill max_cbill  min_value max_value    asize
#=======================================================================================

161      8      0        5          7            1        10          2
162      8      0        5          6            1      1000          3
163      8      1        5          7            1        10          2
164      8      1        5          6            1      1000          3



#=======================================================================================
# 原有 n 元，買了幾個(個位數)玩具後，剩 m 元，問還能買幾個玩具
#=======================================================================================
#              錢幣         錢幣數量          錢幣的最小與最     問題的除法的被除數位數
#              排列                                幣值              (除數為個位數)   
# kind pkind  perm  min_cbill max_cbill  min_value max_value    asize
#=======================================================================================

171      9      0        5          7            1        10          2
172      9      0        5          6            1      1000          3
173      9      1        5          7            1        10          2
174      9      1        5          6            1      1000          3


#=======================================================================================
# 原有 n 元，買了打 x 折的幾個(個位數)玩具後，剩 m 元，問每個玩具原價幾元
#=======================================================================================
#              錢幣         錢幣數量          錢幣的最小與最大  
#              排列                                幣值         
# kind pkind  perm  min_cbill max_cbill  min_value max_value 
#=======================================================================================

181     10      1        5          7            1        10    
182     10      1        5          7            1       100    
183     10      1        5          6           10      1000    


#=======================================================================================
# 原有 n 元，買了打 x 折的幾個(個位數)玩具後，剩 m 元，問他總共省了幾元
#=======================================================================================
#              錢幣         錢幣數量          錢幣的最小與最大  
#              排列                                幣值         
# kind pkind  perm  min_cbill max_cbill  min_value max_value 
#=======================================================================================

191     11      1        5          7            1        10    
192     11      1        5          7            1       100    
193     11      1        5          6           50      1000    






